3
5
7
8
15
44
158
21
22
32
38
40
27
42
46
39
2
43
31
11
157
48
53
64
65
66
67
121
73
76
156
78
81
89
91
93
94
99
100
101
103
107
110
116
130
50
134
142
143
145
146
147
149
151
153
154
181
180
184
185
186
190
192
193
194
195
197
198
203
205
208
210
213
215
221
225
226
227
228
233
236
237
238
240
243
245
253
252
351
321
262
258
259
269
281
270
267
284
295
296
299
300
301
319
303
304
306
308
314
318
326
291
279
320
322
323
325
328
332
340
338
342
336
344
352
369
373
358
376
360
371
368
381
383
388
389
396
397
403
424
405
404
408
410
409
411
418
417
414
413
419
420
422
1030
428
429
430
431
432
441
443
445
456
459
455
466
471
474
475
476
477
478
480
463
484
487
485
481
482
493
495
503
506
509
548
539
531
523
540
543
542
525
532
518
512
537
529
521
557
559
560
563
574
573
580
577
576
570
566
602
595
592
597
594
606
607
611
615
619
620
617
626
629
633
635
636
638
640
642
643
646
649
652
653
654
655
656
659
661
663
664
668
672
678
679
680
685
686
689
690
693
696
705
706
709
710
712
713
714
718
721
722
723
724
725
727
730
733
736
737
746
751
755
756
781
760
759
762
763
764
786
767
768
769
774
779
782
784
911
787
789
790
795
799
808
810
813
818
821
822
823
824
827
829
828
840
844
848
851
852
854
855
858
859
860
861
863
868
870
871
873
874
878
881
883
888
890
891
892
893
894
895
899
902
903
905
906
907
908
910
912
913
919
921
923
925
938
928
929
930
932
933
935
936
939
943
948
951
946
952
955
956
957
961
963
964
967
969
970
971
973
979
976
980
982
984
989
991
993
996
997
998
1024
1005
1006
1017
1019
1020
1021
1026
1027
1029
1034
1036
1032
1033
1039
1041
1044
1048
1049
1053
1054
1056
1058
1059
1060
1061
1063
1066
1067
1069
1070
1077
1078
1080
1081
1083
1085
1086
1087
1091
1093
1098
1099
1101
1102
1105
1107
1109
1112
1114
1116
1118
1120
1122
1123
1124
1126
1128
1130
1131
1133
1134
1135
1139
1142
1143
1144
1147
1149
1150
1153
1157
1160
1163
1168
1169
1171
1172
1176
1177
1179
1180
1181
1182
1185
1186
1188
1191
1194
1197
1198
1199
1200
1201
1203
1204
1205
1210
1211
1216
1217
1218
1219
1221
1222
1226
1227
1228
1230
1234
1235
1240
1243
1245
1255
1256
1258
1262
1263
1265
1266
1269
1270
1275
1281
1282
1283
1284
1285
1286
1287
1292
1294
1297
1298
1299
1301
1309
1314
1315
1316
1320
1323
1327
1328
1330
1331
1332
1333
1337
1338
1340
1343
1344
1346
1347
1348
1353
1359
1360
1361
1363
1364
1366
1367
1369
1372
1373
1375
1377
1378
1379
1385
1386
1387
1390
1391
1393
1394
1395
1396
1399
1401
1403
1404
1405
1406
1407
1408
1409
1411
1413
1414
1417
1419
1420
1421
1422
1425
1426
1429
1430
1431
1433
1435
1436
1437
1438
1439
1440
1441
1442
1443
1444
1445
1446
1447
1448
1451
1452
1453
1454
1455
1457
1460
1462
1464
1465
1466
1467
1468
1470
1473
1474
1475
1476
1481
1482
1484
1485
1486
1488
1489
1491
1492
1493
1498
1499
1500
1504
1507
1074
1510
1511
1509
1515
1516
1517
1520
1521
1523
1525
1526
1527
1528
1533
1534
1535
1536
1540
1541
1542
1544
1545
1546
1547
1551
1552
1554
1555
1556
1562
1564
1566
1567
1568
1569
1570
1571
1573
1574
1576
1578
1580
1581
1579
1582
1586
1587
1588
1590
1591
1592
1593
1595
1596
1597
1599
1601
1602
1603
1605
1606
1607
1608
1609
1612
1614
1615
1616
1617
1619
1621
1622
1625
1628
1629
1630
1632
1633
1634
1635
1637
1638
1640
1641
1642
1644
1649
1650
1652
1654
1655
1656
1657
1659
1660
1662
1663
1664
1665
1667
1668
1669
1670
1671
1673
1674
1675
1676
1677
1679
1681
1682
1683
1684
1687
1690
1691
1692
1693
1696
1699
1700
1701
1702
1704
1705
1706
1707
1709
1710
1711
1712
1713
1714
1715
1716
1718
1719
1720
1722
1724
1725
1726
1727
1729
1730
1731
1732
1735
1739
1740
1744
1745
1746
1748
1750
1751
1752
1753
1754
1755
1757
1761
1764
1766
1767
1768
1769
1770
1771
1772
1774
1775
1776
1779
1780
1781
1782
1783
1784
1787
1788
1789
1790
1791
1792
1793
1786
1721
1296
1785
1623
1778
1672
1773
1749
1777
1747
1759
1765
1717
1737
1762
1734
1760
1249
1763
1600
1688
1653
1741
1742
1187
1743
1620
1636
1342
1708
1678
1680
1736
1738
1728
1165
1183
1685
1723
1733
1686
1694
1703
561
1272
1274
1531